 1.00000000e+06  8.44950000e-12  0.00000000e+00 
 1.00230524e+06  8.44950000e-12  0.00000000e+00 
 1.00461579e+06  8.44950000e-12  0.00000000e+00 
 1.00693167e+06  8.44950000e-12  0.00000000e+00 
 1.00925289e+06  8.44950000e-12  0.00000000e+00 
 1.01157945e+06  8.44950000e-12  0.00000000e+00 
 1.01391139e+06  8.44950000e-12  0.00000000e+00 
 1.01624869e+06  8.44950000e-12  0.00000000e+00 
 1.01859139e+06  8.44950000e-12  0.00000000e+00 
 1.02093948e+06  8.44950000e-12  0.00000000e+00 
 1.02329299e+06  8.44950000e-12  0.00000000e+00 
 1.02565193e+06  8.44950000e-12  0.00000000e+00 
 1.02801630e+06  8.44950000e-12  0.00000000e+00 
 1.03038612e+06  8.44950000e-12  0.00000000e+00 
 1.03276141e+06  8.44950000e-12  0.00000000e+00 
 1.03514217e+06  8.44950000e-12  0.00000000e+00 
 1.03752842e+06  8.44950000e-12  0.00000000e+00 
 1.03992017e+06  8.44950000e-12  0.00000000e+00 
 1.04231743e+06  8.44950000e-12  0.00000000e+00 
 1.04472022e+06  8.44950000e-12  0.00000000e+00 
 1.04712855e+06  8.44950000e-12  0.00000000e+00 
 1.04954243e+06  8.44950000e-12  0.00000000e+00 
 1.05196187e+06  8.44950000e-12  0.00000000e+00 
 1.05438690e+06  8.44950000e-12  0.00000000e+00 
 1.05681751e+06  8.44950000e-12  0.00000000e+00 
 1.05925373e+06  8.44950000e-12  0.00000000e+00 
 1.06169556e+06  8.44950000e-12  0.00000000e+00 
 1.06414302e+06  8.44950000e-12  0.00000000e+00 
 1.06659612e+06  8.44950000e-12  0.00000000e+00 
 1.06905488e+06  8.44950000e-12  0.00000000e+00