 1.00000000e+06  9.99999999e-01  1.00000000e+06 -4.68851287e-05 
 1.09647820e+06  9.99999999e-01  1.09647820e+06 -5.14085214e-05 
 1.20226443e+06  9.99999998e-01  1.20226443e+06 -5.63683228e-05 
 1.31825674e+06  9.99999998e-01  1.31825674e+06 -6.18066369e-05 
 1.44543977e+06  9.99999997e-01  1.44543977e+06 -6.77696297e-05 
 1.58489319e+06  9.99999997e-01  1.58489319e+06 -7.43079213e-05 
 1.73780083e+06  9.99999996e-01  1.73780083e+06 -8.14770154e-05 
 1.90546072e+06  9.99999996e-01  1.90546072e+06 -8.93377709e-05 
 2.08929613e+06  9.99999995e-01  2.08929613e+06 -9.79569178e-05 
 2.29086765e+06  9.99999994e-01  2.29086765e+06 -1.07407624e-04 
 2.51188643e+06  9.99999992e-01  2.51188643e+06 -1.17770118e-04 
 2.75422870e+06  9.99999991e-01  2.75422870e+06 -1.29132367e-04 
 3.01995172e+06  9.99999989e-01  3.01995172e+06 -1.41590824e-04 
 3.31131121e+06  9.99999987e-01  3.31131121e+06 -1.55251252e-04 
 3.63078055e+06  9.99999984e-01  3.63078055e+06 -1.70229612e-04 
 3.98107171e+06  9.99999981e-01  3.98107171e+06 -1.86653057e-04 
 4.36515832e+06  9.99999977e-01  4.36515832e+06 -2.04661007e-04 
 4.78630092e+06  9.99999972e-01  4.78630092e+06 -2.24406332e-04 
 5.24807460e+06  9.99999966e-01  5.24807460e+06 -2.46056649e-04 
 5.75439937e+06  9.99999959e-01  5.75439937e+06 -2.69795749e-04 
 6.30957344e+06  9.99999951e-01  6.30957344e+06 -2.95825155e-04 
 6.91830971e+06  9.99999941e-01  6.91830971e+06 -3.24365831e-04 
 7.58577575e+06  9.99999929e-01  7.58577575e+06 -3.55660059e-04 
 8.31763771e+06  9.99999915e-01  8.31763771e+06 -3.89973496e-04 
 9.12010839e+06  9.99999898e-01  9.12010839e+06 -4.27597432e-04 
 1.00000000e+07  9.99999877e-01  1.00000000e+07 -4.68851255e-04 
 1.09647820e+07  9.99999853e-01  1.09647820e+07 -5.14085171e-04 
 1.20226443e+07  9.99999823e-01  1.20226443e+07 -5.63683172e-04 
 1.31825674e+07  9.99999787e-01  1.31825674e+07 -6.18066295e-04 
 1.44543977e+07  9.99999744e-01  1.44543977e+07 -6.77696200e-04 
 1.58489319e+07  9.99999692e-01  1.58489319e+07 -7.43079085e-04 
 1.73780083e+07  9.99999630e-01  1.73780083e+07 -8.14769986e-04 
 1.90546072e+07  9.99999555e-01  1.90546072e+07 -8.93377487e-04 
 2.08929613e+07  9.99999465e-01  2.08929613e+07 -9.79568885e-04 
 2.29086765e+07  9.99999357e-01  2.29086765e+07 -1.07407586e-03 
 2.51188643e+07  9.99999227e-01  2.51188643e+07 -1.17770067e-03 
 2.75422870e+07  9.99999070e-01  2.75422870e+07 -1.29132300e-03 
 3.01995172e+07  9.99998882e-01  3.01995172e+07 -1.41590736e-03 
 3.31131121e+07  9.99998656e-01  3.31131121e+07 -1.55251135e-03 
 3.63078055e+07  9.99998384e-01  3.63078055e+07 -1.70229458e-03 
 3.98107171e+07  9.99998058e-01  3.98107171e+07 -1.86652855e-03 
 4.36515832e+07  9.99997665e-01  4.36515832e+07 -2.04660740e-03 
 4.78630092e+07  9.99997192e-01  4.78630092e+07 -2.24405979e-03 
 5.24807460e+07  9.99996625e-01  5.24807460e+07 -2.46056184e-03 
 5.75439937e+07  9.99995942e-01  5.75439937e+07 -2.69795137e-03 
 6.30957344e+07  9.99995121e-01  6.30957344e+07 -2.95824348e-03 
 6.91830971e+07  9.99994134e-01  6.91830971e+07 -3.24364767e-03 
 7.58577575e+07  9.99992948e-01  7.58577575e+07 -3.55658656e-03 
 8.31763771e+07  9.99991521e-01  8.31763771e+07 -3.89971647e-03 
 9.12010839e+07  9.99989806e-01  9.12010839e+07 -4.27594994e-03 
 1.00000000e+08  9.99987745e-01  1.00000000e+08 -4.68848042e-03 
 1.09647820e+08  9.99985266e-01  1.09647820e+08 -5.14080935e-03 
 1.20226443e+08  9.99982285e-01  1.20226443e+08 -5.63677588e-03 
 1.31825674e+08  9.99978703e-01  1.31825674e+08 -6.18058934e-03 
 1.44543977e+08  9.99974395e-01  1.44543977e+08 -6.77686496e-03 
 1.58489319e+08  9.99969216e-01  1.58489319e+08 -7.43066293e-03 
 1.73780083e+08  9.99962990e-01  1.73780083e+08 -8.14753123e-03 
 1.90546072e+08  9.99955504e-01  1.90546072e+08 -8.93355257e-03 
 2.08929613e+08  9.99946504e-01  2.08929613e+08 -9.79539581e-03 
 2.29086765e+08  9.99935684e-01  2.29086765e+08 -1.07403723e-02 
 2.51188643e+08  9.99922676e-01  2.51188643e+08 -1.17764975e-02 
 2.75422870e+08  9.99907037e-01  2.75422870e+08 -1.29125586e-02 
 3.01995172e+08  9.99888235e-01  3.01995172e+08 -1.41581886e-02 
 3.31131121e+08  9.99865631e-01  3.31131121e+08 -1.55239469e-02 
 3.63078055e+08  9.99838455e-01  3.63078055e+08 -1.70214080e-02 
 3.98107171e+08  9.99805784e-01  3.98107171e+08 -1.86632583e-02 
 4.36515832e+08  9.99766506e-01  4.36515832e+08 -2.04634017e-02 
 4.78630092e+08  9.99719286e-01  4.78630092e+08 -2.24370752e-02 
 5.24807460e+08  9.99662519e-01  5.24807460e+08 -2.46009747e-02 
 5.75439937e+08  9.99594274e-01  5.75439937e+08 -2.69733924e-02 
 6.30957344e+08  9.99512233e-01  6.30957344e+08 -2.95743657e-02 
 6.91830971e+08  9.99413609e-01  6.91830971e+08 -3.24258401e-02 
 7.58577575e+08  9.99295050e-01  7.58577575e+08 -3.55518449e-02 
 8.31763771e+08  9.99152534e-01  8.31763771e+08 -3.89786833e-02 
 9.12010839e+08  9.98981221e-01  9.12010839e+08 -4.27351386e-02 
 1.00000000e+09  9.98775303e-01  1.00000000e+09 -4.68526942e-02 
 1.09647820e+09  9.98527800e-01  1.09647820e+09 -5.13657705e-02 
 1.20226443e+09  9.98230328e-01  1.20226443e+09 -5.63119757e-02 
 1.31825674e+09  9.97872823e-01  1.31825674e+09 -6.17323723e-02 
 1.44543977e+09  9.97443201e-01  1.44543977e+09 -6.76717540e-02 
 1.58489319e+09  9.96926963e-01  1.58489319e+09 -7.41789344e-02 
 1.73780083e+09  9.96306713e-01  1.73780083e+09 -8.13070383e-02 
 1.90546072e+09  9.95561593e-01  1.90546072e+09 -8.91137935e-02 
 2.08929613e+09  9.94666606e-01  2.08929613e+09 -9.76618102e-02 
 2.29086765e+09  9.93591813e-01  2.29086765e+09 -1.07018838e-01 
 2.51188643e+09  9.92301384e-01  2.51188643e+09 -1.17257979e-01 
 2.75422870e+09  9.90752483e-01  2.75422870e+09 -1.28457839e-01 
 3.01995172e+09  9.88893948e-01  3.01995172e+09 -1.40702578e-01 
 3.31131121e+09  9.86664761e-01  3.31131121e+09 -1.54081823e-01 
 3.63078055e+09  9.83992268e-01  3.63078055e+09 -1.68690390e-01 
 3.98107171e+09  9.80790127e-01  3.98107171e+09 -1.84627734e-01 
 4.36515832e+09  9.76955980e-01  4.36515832e+09 -2.01997056e-01 
 4.78630092e+09  9.72368820e-01  4.78630092e+09 -2.20903936e-01 
 5.24807460e+09  9.66886102e-01  5.24807460e+09 -2.41454365e-01 
 5.75439937e+09  9.60340602e-01  5.75439937e+09 -2.63752007e-01 
 6.30957344e+09  9.52537156e-01  6.30957344e+09 -2.87894490e-01 
 6.91830971e+09  9.43249393e-01  6.91830971e+09 -3.13968504e-01 
 7.58577575e+09  9.32216733e-01  7.58577575e+09 -3.42043480e-01 
 8.31763771e+09  9.19141983e-01  8.31763771e+09 -3.72163585e-01 
 9.12010839e+09  9.03690048e-01  9.12010839e+09 -4.04337863e-01 
 1.00000000e+10  8.85488413e-01  1.00000000e+10 -4.38528400e-01 
 1.09647820e+10  8.64130259e-01  1.09647820e+10 -4.74636573e-01 
 1.20226443e+10  8.39181240e-01  1.20226443e+10 -5.12487727e-01 
 1.31825674e+10  8.10191056e-01  1.31825674e+10 -5.51815024e-01 
 1.44543977e+10  7.76710945e-01  1.44543977e+10 -5.92243759e-01 
 1.58489319e+10  7.38317989e-01  1.58489319e+10 -6.33278091e-01 
 1.73780083e+10  6.94646525e-01  1.73780083e+10 -6.74292835e-01 
 1.90546072e+10  6.45425989e-01  1.90546072e+10 -7.14533553e-01 
 2.08929613e+10  5.90523087e-01  2.08929613e+10 -7.53128379e-01 
 2.29086765e+10  5.29984404e-01  2.29086765e+10 -7.89114591e-01 
 2.51188643e+10  4.64073842e-01  2.51188643e+10 -8.21481574e-01 
 2.75422870e+10  3.93297992e-01  2.75422870e+10 -8.49229443e-01 
 3.01995172e+10  3.18412447e-01  3.01995172e+10 -8.71439364e-01 
 3.31131121e+10  2.40403649e-01  3.31131121e+10 -8.87348198e-01 
 3.63078055e+10  1.60444240e-01  3.63078055e+10 -8.96417495e-01 
 3.98107171e+10  7.98245845e-02  3.98107171e+10 -8.98386045e-01 
 4.36515832e+10 -1.31930267e-04  4.36515832e+10 -8.93296909e-01 
 4.78630092e+10 -7.81586453e-02  4.78630092e+10 -8.81493974e-01 
 5.24807460e+10 -1.53128034e-01  5.24807460e+10 -8.63588532e-01 
 5.75439937e+10 -2.24116083e-01  5.75439937e+10 -8.40401741e-01 
 6.30957344e+10 -2.90441903e-01  6.30957344e+10 -8.12892517e-01 
 6.91830971e+10 -3.51680795e-01  6.91830971e+10 -7.82081627e-01 
 7.58577575e+10 -4.07653478e-01  7.58577575e+10 -7.48981546e-01 
 8.31763771e+10 -4.58397229e-01  8.31763771e+10 -7.14538829e-01 
 9.12010839e+10 -5.04125896e-01  9.12010839e+10 -6.79592331e-01 
 1.00000000e+11 -5.45185331e-01  1.00000000e+11 -6.44847559e-01 
 1.09647820e+11 -5.82009423e-01  1.09647820e+11 -6.10865341e-01 
 1.20226443e+11 -6.15080118e-01  1.20226443e+11 -5.78061903e-01 
 1.31825674e+11 -6.44893210e-01  1.31825674e+11 -5.46717234e-01 
 1.44543977e+11 -6.71930417e-01  1.44543977e+11 -5.16989039e-01 
 1.58489319e+11 -6.96637590e-01  1.58489319e+11 -4.88930180e-01 
 1.73780083e+11 -7.19408576e-01  1.73780083e+11 -4.62508202e-01 
 1.90546072e+11 -7.40574335e-01  1.90546072e+11 -4.37625961e-01 
 2.08929613e+11 -7.60397058e-01  2.08929613e+11 -4.14142612e-01 
 2.29086765e+11 -7.79069212e-01  2.29086765e+11 -3.91894177e-01 
 2.51188643e+11 -7.96717375e-01  2.51188643e+11 -3.70712720e-01 
 2.75422870e+11 -8.13410516e-01  2.75422870e+11 -3.50442965e-01 
 3.01995172e+11 -8.29171894e-01  3.01995172e+11 -3.30955175e-01 
 3.31131121e+11 -8.43993272e-01  3.31131121e+11 -3.12153350e-01 
 3.63078055e+11 -8.57849791e-01  3.63078055e+11 -2.93978327e-01 
 3.98107171e+11 -8.70713741e-01  3.98107171e+11 -2.76406057e-01 
 4.36515832e+11 -8.82565771e-01  4.36515832e+11 -2.59441993e-01 
 4.78630092e+11 -8.93402615e-01  4.78630092e+11 -2.43112996e-01 
 5.24807460e+11 -9.03241068e-01  5.24807460e+11 -2.27458266e-01 
 5.75439937e+11 -9.12118570e-01  5.75439937e+11 -2.12520669e-01 
 6.30957344e+11 -9.20091147e-01  6.30957344e+11 -1.98339419e-01 
 6.91830971e+11 -9.27229613e-01  6.91830971e+11 -1.84944632e-01 
 7.58577575e+11 -9.33614924e-01  7.58577575e+11 -1.72353849e-01 
 8.31763771e+11 -9.39333366e-01  8.31763771e+11 -1.60570378e-01 
 9.12010839e+11 -9.44472047e-01  9.12010839e+11 -1.49583093e-01 
 1.00000000e+12 -9.49114985e-01  1.00000000e+12 -1.39367372e-01 
