 0.00000000e+00  2.78585743e-10 
 1.00000000e-02  3.61826129e-10 
 2.00000000e-02  4.71987403e-10 
 3.00000000e-02  6.17726968e-10 
 4.00000000e-02  8.10501729e-10 
 5.00000000e-02  1.06547607e-09 
 6.00000000e-02  1.40272519e-09 
 7.00000000e-02  1.84883006e-09 
 8.00000000e-02  2.43899179e-09 
 9.00000000e-02  3.21983466e-09 
 1.00000000e-01  4.25312242e-09 
 1.10000000e-01  5.62068564e-09 
 1.20000000e-01  7.43095428e-09 
 1.30000000e-01  9.82761804e-09 
 1.40000000e-01  1.30011051e-08 
 1.50000000e-01  1.72037928e-08 
 1.60000000e-01  2.27701539e-08 
 1.70000000e-01  3.01434241e-08 
 1.80000000e-01  3.99108720e-08 
 1.90000000e-01  5.28503867e-08 
 2.00000000e-01  6.99919173e-08 
 2.10000000e-01  9.26983150e-08 
 2.20000000e-01  1.22771382e-07 
 2.30000000e-01  1.62590417e-07 
 2.40000000e-01  2.15292223e-07 
 2.50000000e-01  2.85003223e-07 
 2.60000000e-01  3.77135758e-07 
 2.70000000e-01  4.98761062e-07 
 2.80000000e-01  6.59069791e-07 
 2.90000000e-01  8.69925414e-07 
 3.00000000e-01  1.14650345e-06 
 3.10000000e-01  1.50798687e-06 
 3.20000000e-01  1.97825108e-06 
 3.30000000e-01  2.58641856e-06 
 3.40000000e-01  3.36709813e-06 
 3.50000000e-01  4.36006351e-06 
 3.60000000e-01  5.60910839e-06 
 3.70000000e-01  7.15989512e-06 
 3.80000000e-01  9.05684521e-06 
 3.90000000e-01  1.13394970e-05 
 4.00000000e-01  1.40391630e-05 
 4.10000000e-01  1.71769208e-05 
 4.20000000e-01  2.07637466e-05 
 4.30000000e-01  2.48029269e-05 
 4.40000000e-01  2.92940708e-05 
 4.50000000e-01  3.42375210e-05 
 4.60000000e-01  3.96379833e-05 
 4.70000000e-01  4.55066751e-05 
 4.80000000e-01  5.18618894e-05 
 4.90000000e-01  5.87283177e-05 
 5.00000000e-01  6.61356409e-05 
 5.10000000e-01  7.41168599e-05 
 5.20000000e-01  8.27066911e-05 
 5.30000000e-01  9.19402005e-05 
 5.40000000e-01  1.01851735e-04 
 5.50000000e-01  1.12474138e-04 
 5.60000000e-01  1.23838203e-04 
 5.70000000e-01  1.35972320e-04 
 5.80000000e-01  1.48902254e-04 
 5.90000000e-01  1.62651027e-04 
 6.00000000e-01  1.77238868e-04 
 6.10000000e-01  1.92683207e-04 
 6.20000000e-01  2.08998704e-04 
 6.30000000e-01  2.26197304e-04 
 6.40000000e-01  2.44288304e-04 
 6.50000000e-01  2.63278434e-04 
 6.60000000e-01  2.83171949e-04 
 6.70000000e-01  3.03970728e-04 
 6.80000000e-01  3.25674385e-04 
 6.90000000e-01  3.48280379e-04 
 7.00000000e-01  3.71784134e-04 
 7.10000000e-01  3.96179164e-04 
 7.20000000e-01  4.21457198e-04 
 7.30000000e-01  4.47608310e-04 
 7.40000000e-01  4.74621049e-04 
 7.50000000e-01  5.02482569e-04 
 7.60000000e-01  5.31178759e-04 
 7.70000000e-01  5.60694369e-04 
 7.80000000e-01  5.91013136e-04 
 7.90000000e-01  6.22117902e-04 
 8.00000000e-01  6.53990732e-04 
 8.10000000e-01  6.86613024e-04 
 8.20000000e-01  7.19965617e-04 
 8.30000000e-01  7.54028890e-04 
 8.40000000e-01  7.88782854e-04 
 8.50000000e-01  8.24207246e-04 
 8.60000000e-01  8.60281607e-04 
 8.70000000e-01  8.96985363e-04 
 8.80000000e-01  9.34297894e-04 
 8.90000000e-01  9.72198600e-04 
 9.00000000e-01  1.01066696e-03 
 9.10000000e-01  1.04968259e-03 
 9.20000000e-01  1.08922529e-03 
 9.30000000e-01  1.12927510e-03 
 9.40000000e-01  1.16981230e-03 
 9.50000000e-01  1.21081752e-03 
 9.60000000e-01  1.25227168e-03 
 9.70000000e-01  1.29415610e-03 
 9.80000000e-01  1.33645247e-03 
 9.90000000e-01  1.37914288e-03 
 1.00000000e+00  1.42220984e-03 
 1.01000000e+00  1.46563632e-03 
 1.02000000e+00  1.50940570e-03 
 1.03000000e+00  1.55350183e-03 
 1.04000000e+00  1.59790901e-03 
 1.05000000e+00  1.64261199e-03 
 1.06000000e+00  1.68759598e-03 
 1.07000000e+00  1.73284666e-03 
 1.08000000e+00  1.77835014e-03 
 1.09000000e+00  1.82409299e-03 
 1.10000000e+00  1.87006222e-03 
 1.11000000e+00  1.91624528e-03 
 1.12000000e+00  1.96263003e-03 
 1.13000000e+00  2.00920476e-03 
 1.14000000e+00  2.05595817e-03 
 1.15000000e+00  2.10287937e-03 
 1.16000000e+00  2.14995782e-03 
 1.17000000e+00  2.19718341e-03 
 1.18000000e+00  2.24454635e-03 
 1.19000000e+00  2.29203725e-03 
 1.20000000e+00  2.33964703e-03 
 1.21000000e+00  2.38736698e-03 
 1.22000000e+00  2.43518867e-03 
 1.23000000e+00  2.48310403e-03 
 1.24000000e+00  2.53110525e-03 
 1.25000000e+00  2.57918486e-03 
 1.26000000e+00  2.62733562e-03 
 1.27000000e+00  2.67555060e-03 
 1.28000000e+00  2.72382312e-03 
 1.29000000e+00  2.77214675e-03 
 1.30000000e+00  2.82051529e-03 
 1.31000000e+00  2.86892280e-03 
 1.32000000e+00  2.91736354e-03 
 1.33000000e+00  2.96583201e-03 
 1.34000000e+00  3.01432288e-03 
 1.35000000e+00  3.06283106e-03 
 1.36000000e+00  3.11135163e-03 
 1.37000000e+00  3.15987985e-03 
 1.38000000e+00  3.20841117e-03 
 1.39000000e+00  3.25694119e-03 
 1.40000000e+00  3.30546570e-03 
 1.41000000e+00  3.35398061e-03 
 1.42000000e+00  3.40248202e-03 
 1.43000000e+00  3.45096614e-03 
 1.44000000e+00  3.49942934e-03 
 1.45000000e+00  3.54786810e-03 
 1.46000000e+00  3.59627905e-03 
 1.47000000e+00  3.64465893e-03 
 1.48000000e+00  3.69300459e-03 
 1.49000000e+00  3.74131301e-03 
 1.50000000e+00  3.78958126e-03 
